3.381027281284332275e-02
3.610081598162651062e-02
3.839099779725074768e-02
4.068209603428840637e-02
4.297243803739547729e-02
4.526266083121299744e-02
1.500000059604644775e-01
1.000000014901161194e-01
3.381027281284332275e-02
3.610081598162651062e-02
3.839099779725074768e-02
4.068209603428840637e-02
4.297243803739547729e-02
4.526266083121299744e-02
1.500000059604644775e-01
1.000000014901161194e-01
3.610081598162651062e-02
3.610081598162651062e-02
3.839099779725074768e-02
4.068209603428840637e-02
4.297243803739547729e-02
4.526266083121299744e-02
1.500000059604644775e-01
1.000000014901161194e-01
3.839099779725074768e-02
3.839099779725074768e-02
3.839099779725074768e-02
4.068209603428840637e-02
4.297243803739547729e-02
4.526266083121299744e-02
1.500000059604644775e-01
1.000000014901161194e-01
4.068209603428840637e-02
4.068209603428840637e-02
4.068209603428840637e-02
4.068209603428840637e-02
4.297243803739547729e-02
4.526266083121299744e-02
1.500000059604644775e-01
1.000000014901161194e-01
4.297243803739547729e-02
4.297243803739547729e-02
4.297243803739547729e-02
4.297243803739547729e-02
4.297243803739547729e-02
4.526266083121299744e-02
1.500000059604644775e-01
1.000000014901161194e-01
4.526266083121299744e-02
4.526266083121299744e-02
4.526266083121299744e-02
4.526266083121299744e-02
4.526266083121299744e-02
4.526266083121299744e-02
1.500000059604644775e-01
1.000000014901161194e-01
1.500000059604644775e-01
1.500000059604644775e-01
1.500000059604644775e-01
1.500000059604644775e-01
1.500000059604644775e-01
1.500000059604644775e-01
1.500000059604644775e-01
0.000000000000000000e+00
1.000000014901161194e-01
1.000000014901161194e-01
1.000000014901161194e-01
1.000000014901161194e-01
1.000000014901161194e-01
1.000000014901161194e-01
1.000000014901161194e-01
0.000000000000000000e+00
